%YAML:1.0
cameraMatrix: !!opencv-matrix
   rows: 3
   cols: 3
   dt: d
   data: [ 1.3125514948286020e+03, 0., 9.5678588123304280e+02, 0.,
       1.3137199643117140e+03, 5.1884526552671184e+02, 0., 0., 1. ]
imageSize_width: 1920
imageSize_height: 1080
sensorSize_width: 0
sensorSize_height: 0
distCoeffs: !!opencv-matrix
   rows: 5
   cols: 1
   dt: d
   data: [ -8.2952570860610281e-02, 1.5233694591918365e-01,
       -2.2705129649626082e-03, 5.4334956498770348e-04,
       -1.4700455684029776e-01 ]
reprojectionError: 0.
features:
   []
