%YAML:1.0
Mat: !!opencv-matrix
   rows: 3
   cols: 1
   dt: d
   data: [ 1.1757024024733670e-01, 1.8844913394801197e-02,
       1.6942608424161718e-02 ]
