%YAML:1.0
Mat: !!opencv-matrix
   rows: 3
   cols: 1
   dt: d
   data: [ 9.7092752410112247e-03, -3.6841836032295371e-02,
       -1.4930678045369022e-02 ]
