%YAML:1.0
Mat: !!opencv-matrix
   rows: 3
   cols: 1
   dt: d
   data: [ 1.3227087611139612e+00, 2.2739332234058165e+00,
       2.0081660433352502e+00 ]
