%YAML:1.0
Mat: !!opencv-matrix
   rows: 3
   cols: 1
   dt: d
   data: [ 3.4609264491819822e+01, 2.9554506256097735e+01,
       3.9373340622080804e+01 ]
