%YAML:1.0
cameraMatrix: !!opencv-matrix
   rows: 3
   cols: 3
   dt: d
   data: [ 5.7034220415971367e+02, 0., 3.2000000037268740e+02, 0.,
       5.7034220423051511e+02, 2.3999999958002522e+02, 0., 0., 1. ]
imageSize_width: 640
imageSize_height: 480
sensorSize_width: 0
sensorSize_height: 0
distCoeffs: !!opencv-matrix
   rows: 5
   cols: 1
   dt: d
   data: [ 3.2231980312393481e-09, -1.2551877840523176e-08,
       9.2164463654184016e-10, 6.9072427358142277e-10,
       3.2842353203295571e-08 ]
reprojectionError: 0.
features:
   []
