%YAML:1.0
cameraMatrix: !!opencv-matrix
   rows: 3
   cols: 3
   dt: d
   data: [ 1.3125514948286020e+03, 0., 9.5678588123304280e+02, 0.,
       1.3137199643117140e+03, 5.1884526552671184e+02, 0., 0., 1. ]
imageSize_width: 1920
imageSize_height: 1080
sensorSize_width: 0
sensorSize_height: 0
distCoeffs: !!opencv-matrix
   rows: 5
   cols: 1
   dt: d
   data: [ -8.2952570860610281e-02, 1.5233694591918365e-01,
       -2.2705129649626082e-03, 5.4334956498770348e-04,
       -1.4700455684029776e-01 ]
reprojectionError: 1.8911267817020416e-01
features:
   - [ 6.57736694e+02, 3.04516479e+02, 7.33611206e+02, 3.03165894e+02,
       8.10671692e+02, 3.01806671e+02, 8.88715820e+02, 3.00682281e+02,
       9.67887268e+02, 2.99506622e+02, 1.04785571e+03, 2.98449463e+02,
       1.12851746e+03, 2.97539368e+02, 1.21001660e+03, 2.96708008e+02,
       1.29191321e+03, 2.96132080e+02, 1.37458020e+03, 2.95476532e+02,
       6.57810303e+02, 3.82409637e+02, 7.33560974e+02, 3.81546570e+02,
       8.10697754e+02, 3.80747375e+02, 8.88733093e+02, 3.80118927e+02,
       9.67886902e+02, 3.79335480e+02, 1.04788416e+03, 3.78706665e+02,
       1.12857214e+03, 3.78260284e+02, 1.21006482e+03, 3.77805298e+02,
       1.29184583e+03, 3.77480377e+02, 1.37445984e+03, 3.77216400e+02,
       6.58014526e+02, 4.60376251e+02, 7.33669922e+02, 4.60233246e+02,
       8.10770081e+02, 4.59894440e+02, 8.88751343e+02, 4.59673523e+02,
       9.67917419e+02, 4.59412109e+02, 1.04782166e+03, 4.59274658e+02,
       1.12851685e+03, 4.59231720e+02, 1.20992517e+03, 4.59181885e+02,
       1.29170569e+03, 4.59076447e+02, 1.37418835e+03, 4.59155029e+02,
       6.58431213e+02, 5.38132690e+02, 7.33980835e+02, 5.38418396e+02,
       8.10965820e+02, 5.38643433e+02, 8.88762329e+02, 5.38941956e+02,
       9.67924011e+02, 5.39196289e+02, 1.04779492e+03, 5.39493408e+02,
       1.12834363e+03, 5.39837463e+02, 1.20979871e+03, 5.40166504e+02,
       1.29138245e+03, 5.40406372e+02, 1.37378162e+03, 5.40649597e+02,
       6.59006531e+02, 6.15683777e+02, 7.34483459e+02, 6.16556274e+02,
       8.11335571e+02, 6.17464905e+02, 8.89030762e+02, 6.18316895e+02,
       9.67949951e+02, 6.18942749e+02, 1.04771570e+03, 6.19650330e+02,
       1.12810583e+03, 6.20438354e+02, 1.20936926e+03, 6.21028870e+02,
       1.29090588e+03, 6.21581909e+02, 1.37316211e+03, 6.22245544e+02,
       6.59712646e+02, 6.92784973e+02, 7.35026489e+02, 6.94286926e+02,
       8.11704163e+02, 6.95605774e+02, 8.89293274e+02, 6.96905945e+02,
       9.68048523e+02, 6.98177368e+02, 1.04764160e+03, 6.99329529e+02,
       1.12773352e+03, 7.00427246e+02, 1.20889429e+03, 7.01409241e+02,
       1.29038721e+03, 7.02326538e+02, 1.37241187e+03, 7.03139404e+02,
       6.60703003e+02, 7.69434692e+02, 7.35764954e+02, 7.71416748e+02,
       8.12224731e+02, 7.73213318e+02, 8.89577698e+02, 7.75115356e+02,
       9.68136169e+02, 7.76731018e+02, 1.04746777e+03, 7.78358826e+02,
       1.12747217e+03, 7.79886169e+02, 1.20834900e+03, 7.81302246e+02,
       1.28951318e+03, 7.82461182e+02, 1.37139685e+03, 7.83601074e+02 ]
   - [ 3.45639343e+02, 1.01272400e+02, 3.96151611e+02, 1.02602097e+02,
       4.45820007e+02, 1.04006401e+02, 4.94554535e+02, 1.05221115e+02,
       5.42673706e+02, 1.06210243e+02, 5.90123352e+02, 1.07353935e+02,
       6.36565735e+02, 1.08454643e+02, 6.82430298e+02, 1.09756454e+02,
       7.27444458e+02, 1.11162346e+02, 7.71974365e+02, 1.12338425e+02,
       3.47788544e+02, 1.48451752e+02, 3.98101074e+02, 1.49251007e+02,
       4.47822388e+02, 1.50292557e+02, 4.96589142e+02, 1.51158249e+02,
       5.44768433e+02, 1.51710419e+02, 5.92094788e+02, 1.52455780e+02,
       6.38663025e+02, 1.53379730e+02, 6.84507874e+02, 1.54284409e+02,
       7.29593872e+02, 1.55052704e+02, 7.74232056e+02, 1.55698059e+02,
       3.49796967e+02, 1.95730621e+02, 4.00306458e+02, 1.96374817e+02,
       4.49935394e+02, 1.96576035e+02, 4.98704865e+02, 1.97303894e+02,
       5.46846191e+02, 1.97477982e+02, 5.94289062e+02, 1.97840988e+02,
       6.40763367e+02, 1.98427765e+02, 6.86627625e+02, 1.98588882e+02,
       7.31770569e+02, 1.99351028e+02, 7.76408203e+02, 1.99583176e+02,
       3.52089050e+02, 2.43139465e+02, 4.02370575e+02, 2.43255661e+02,
       4.52021454e+02, 2.43324921e+02, 5.00786102e+02, 2.43316635e+02,
       5.49041077e+02, 2.43307495e+02, 5.96389893e+02, 2.43325165e+02,
       6.42876648e+02, 2.43333649e+02, 6.88862610e+02, 2.43333160e+02,
       7.33985596e+02, 2.43462189e+02, 7.78546509e+02, 2.43554443e+02,
       3.54302612e+02, 2.90627136e+02, 4.04550842e+02, 2.90307373e+02,
       4.54246613e+02, 2.89768463e+02, 5.03077698e+02, 2.89641602e+02,
       5.51176880e+02, 2.89054169e+02, 5.98488037e+02, 2.88661743e+02,
       6.45102417e+02, 2.88565582e+02, 6.91058533e+02, 2.88157349e+02,
       7.36192200e+02, 2.87796021e+02, 7.80790771e+02, 2.87634644e+02,
       3.56528473e+02, 3.37918213e+02, 4.06791809e+02, 3.37318359e+02,
       4.56455353e+02, 3.36633545e+02, 5.05312805e+02, 3.35818512e+02,
       5.53441101e+02, 3.34973938e+02, 6.00693481e+02, 3.34336426e+02,
       6.47249573e+02, 3.33708588e+02, 6.93270691e+02, 3.32912933e+02,
       7.38446716e+02, 3.32378632e+02, 7.83074951e+02, 3.31716064e+02,
       3.58883209e+02, 3.85498657e+02, 4.09183197e+02, 3.84374298e+02,
       4.58703979e+02, 3.83218384e+02, 5.07564575e+02, 3.82168304e+02,
       5.55633423e+02, 3.80957397e+02, 6.02923828e+02, 3.80079224e+02,
       6.49482422e+02, 3.78959198e+02, 6.95506836e+02, 3.77995392e+02,
       7.40701965e+02, 3.76803314e+02, 7.85421082e+02, 3.75970459e+02 ]
   - [ 3.39563446e+02, 1.05092491e+02, 3.89730804e+02, 1.06042732e+02,
       4.39287109e+02, 1.07067627e+02, 4.87910187e+02, 1.07882484e+02,
       5.36092285e+02, 1.08691284e+02, 5.83391418e+02, 1.09528175e+02,
       6.29875122e+02, 1.10346611e+02, 6.75969971e+02, 1.11340042e+02,
       7.21208862e+02, 1.12345940e+02, 7.66040527e+02, 1.13334007e+02,
       3.41604126e+02, 1.52107254e+02, 3.91750214e+02, 1.52571930e+02,
       4.41220551e+02, 1.53284164e+02, 4.89848602e+02, 1.53609848e+02,
       5.38038147e+02, 1.54365692e+02, 5.85414490e+02, 1.54683990e+02,
       6.31926208e+02, 1.55342392e+02, 6.77984924e+02, 1.55676086e+02,
       7.23315430e+02, 1.56431427e+02, 7.68177429e+02, 1.57229645e+02,
       3.43618561e+02, 1.99328171e+02, 3.93765411e+02, 1.99518250e+02,
       4.43180573e+02, 1.99578232e+02, 4.91901672e+02, 1.99709030e+02,
       5.40066467e+02, 1.99949142e+02, 5.87418518e+02, 2.00249847e+02,
       6.34017395e+02, 2.00381912e+02, 6.80122437e+02, 2.00528259e+02,
       7.25377136e+02, 2.00625137e+02, 7.70293640e+02, 2.01112869e+02,
       3.45706482e+02, 2.46412460e+02, 3.95846497e+02, 2.46244492e+02,
       4.45309174e+02, 2.45845886e+02, 4.93876068e+02, 2.45688400e+02,
       5.42135315e+02, 2.45579529e+02, 5.89515442e+02, 2.45522766e+02,
       6.36067261e+02, 2.45370865e+02, 6.82213257e+02, 2.45209457e+02,
       7.27535217e+02, 2.45189346e+02, 7.72369141e+02, 2.45089005e+02,
       3.47837494e+02, 2.93724274e+02, 3.97932526e+02, 2.93073822e+02,
       4.47359833e+02, 2.92646637e+02, 4.96127289e+02, 2.92146851e+02,
       5.44253662e+02, 2.91645447e+02, 5.91603943e+02, 2.90949768e+02,
       6.38235840e+02, 2.90595734e+02, 6.84319580e+02, 2.90115692e+02,
       7.29631104e+02, 2.89678223e+02, 7.74567566e+02, 2.89397156e+02,
       3.50088684e+02, 3.41043243e+02, 4.00089386e+02, 3.39981995e+02,
       4.49500031e+02, 3.39274536e+02, 4.98224060e+02, 3.38395325e+02,
       5.46380432e+02, 3.37585327e+02, 5.93737305e+02, 3.36739655e+02,
       6.40309631e+02, 3.35781860e+02, 6.86424622e+02, 3.35006073e+02,
       7.31858459e+02, 3.34283783e+02, 7.76806519e+02, 3.33645630e+02,
       3.52362488e+02, 3.88391357e+02, 4.02339966e+02, 3.87182526e+02,
       4.51748627e+02, 3.86151489e+02, 5.00419281e+02, 3.84900726e+02,
       5.48559448e+02, 3.83483551e+02, 5.95895203e+02, 3.82333313e+02,
       6.42515442e+02, 3.81147797e+02, 6.88654419e+02, 3.80140717e+02,
