%YAML:1.0
cameraMatrix: !!opencv-matrix
   rows: 3
   cols: 3
   dt: d
   data: [ 9.2350080623114172e+02, 0., 9.7174383858068632e+02, 0.,
       9.2106079390344576e+02, 5.4550089886178603e+02, 0., 0., 1. ]
imageSize_width: 1920
imageSize_height: 1080
sensorSize_width: 0
sensorSize_height: 0
distCoeffs: !!opencv-matrix
   rows: 5
   cols: 1
   dt: d
   data: [ 6.1559173097797744e-02, -7.1187521438906487e-01,
       -3.4196584877615923e-03, -1.3075064829352971e-04,
       1.0967350027338487e+00 ]
reprojectionError: 0.
features:
   []
