%YAML:1.0
cameraMatrix: !!opencv-matrix
   rows: 3
   cols: 3
   dt: d
   data: [ 9.3206078203449181e+02, 0., 9.5316636433177996e+02, 0.,
       9.3434477376379380e+02, 5.3306904990751832e+02, 0., 0., 1. ]
imageSize_width: 1920
imageSize_height: 1080
sensorSize_width: 0
sensorSize_height: 0
distCoeffs: !!opencv-matrix
   rows: 5
   cols: 1
   dt: d
   data: [ -9.4061312006985920e-02, 6.2128416907772217e-02,
       -6.8164294370117427e-04, -1.5636330658346231e-04,
       -1.6775077089022726e-02 ]
reprojectionError: 1.5626111626625061e-01
features:
   - [ 1.16115588e+03, 6.65145813e+02, 1.11268164e+03, 6.65990234e+02,
       1.06362830e+03, 6.66973450e+02, 1.01425708e+03, 6.67591125e+02,
       9.63965088e+02, 6.68222107e+02, 9.13350708e+02, 6.69329956e+02,
       8.62500488e+02, 6.69792175e+02, 8.11105835e+02, 6.70225952e+02,
       7.59575989e+02, 6.70712646e+02, 7.07993408e+02, 6.71319458e+02,
       1.16074390e+03, 6.14850464e+02, 1.11238477e+03, 6.15911560e+02,
       1.06335864e+03, 6.16504272e+02, 1.01396252e+03, 6.16807861e+02,
       9.63703308e+02, 6.17765076e+02, 9.13079285e+02, 6.18064453e+02,
       8.62265991e+02, 6.18438782e+02, 8.10961304e+02, 6.18855164e+02,
       7.59431885e+02, 6.18873657e+02, 7.07909851e+02, 6.19199219e+02,
       1.16024756e+03, 5.65519531e+02, 1.11194116e+03, 5.65724487e+02,
       1.06293494e+03, 5.66472900e+02, 1.01353058e+03, 5.66685852e+02,
       9.63402527e+02, 5.66718445e+02, 9.12861450e+02, 5.67081665e+02,
       8.62112976e+02, 5.67397949e+02, 8.10763855e+02, 5.67507812e+02,
       7.59333740e+02, 5.67547546e+02, 7.07964417e+02, 5.67576050e+02,
       1.15963904e+03, 5.16304321e+02, 1.11137378e+03, 5.16273010e+02,
       1.06249988e+03, 5.16363098e+02, 1.01320947e+03, 5.16343262e+02,
       9.63121765e+02, 5.16382812e+02, 9.12636719e+02, 5.16346008e+02,
       8.62033203e+02, 5.16399353e+02, 8.10813110e+02, 5.16337708e+02,
       7.59459717e+02, 5.16404297e+02, 7.08100281e+02, 5.16369202e+02,
       1.15888696e+03, 4.67081909e+02, 1.11077588e+03, 4.66924530e+02,
       1.06190637e+03, 4.66555969e+02, 1.01272095e+03, 4.66337128e+02,
       9.62872070e+02, 4.66175537e+02, 9.12473633e+02, 4.66225983e+02,
       8.61812317e+02, 4.65746765e+02, 8.11482788e+02, 4.65801971e+02,
       7.59565063e+02, 4.65390564e+02, 7.08424744e+02, 4.65248901e+02,
       1.15821191e+03, 4.17940094e+02, 1.11027441e+03, 4.17588257e+02,
       1.06116125e+03, 4.16766937e+02, 1.01234296e+03, 4.16511139e+02,
       9.62578796e+02, 4.15826904e+02, 9.12267334e+02, 4.15680695e+02,
       8.61851135e+02, 4.15291229e+02, 8.10925110e+02, 4.14972168e+02,
       7.60175903e+02, 4.14961243e+02, 7.08765503e+02, 4.14746490e+02,
       1.15735803e+03, 3.69497955e+02, 1.10945996e+03, 3.68539886e+02,
       1.06081213e+03, 3.67733246e+02, 1.01197095e+03, 3.66628723e+02,
       9.62305603e+02, 3.66196320e+02, 9.12164307e+02, 3.65700073e+02,
       8.61824036e+02, 3.64954224e+02, 8.11183594e+02, 3.64546387e+02,
       7.60238159e+02, 3.64442017e+02, 7.09333252e+02, 3.63913910e+02 ]
   - [ 9.09670288e+02, 8.43759521e+02, 8.62514343e+02, 8.47983582e+02,
       8.13845764e+02, 8.52080017e+02, 7.64230103e+02, 8.56269897e+02,
       7.12922058e+02, 8.60392700e+02, 6.60140198e+02, 8.64594727e+02,
       6.06235962e+02, 8.68681152e+02, 5.50707886e+02, 8.72869324e+02,
       4.93545471e+02, 8.77168457e+02, 4.35124023e+02, 8.81360535e+02,
       9.07542542e+02, 7.94714539e+02, 8.60560974e+02, 7.98038879e+02,
       8.12353210e+02, 8.01214172e+02, 7.63069641e+02, 8.04785400e+02,
       7.12249268e+02, 8.08120605e+02, 6.59825256e+02, 8.11415283e+02,
       6.06374023e+02, 8.14896423e+02, 5.51403625e+02, 8.18106079e+02,
       4.94953857e+02, 8.21523193e+02, 4.37167267e+02, 8.25126648e+02,
       9.05324524e+02, 7.46113892e+02, 8.58631165e+02, 7.49050598e+02,
       8.10804077e+02, 7.51588074e+02, 7.61914612e+02, 7.54076538e+02,
       7.11501709e+02, 7.56556580e+02, 6.59644409e+02, 7.59445129e+02,
       6.06681213e+02, 7.61792847e+02, 5.52361145e+02, 7.64301392e+02,
       4.96381897e+02, 7.66842651e+02, 4.39212769e+02, 7.69677490e+02,
       9.03192200e+02, 6.98596252e+02, 8.56887817e+02, 7.00590759e+02,
       8.09421143e+02, 7.02615662e+02, 7.60981995e+02, 7.04406067e+02,
       7.10954895e+02, 7.06314758e+02, 6.59595154e+02, 7.08298340e+02,
       6.07255005e+02, 7.10104004e+02, 5.53384766e+02, 7.11611450e+02,
       4.98084106e+02, 7.13413025e+02, 4.41514893e+02, 7.15304565e+02,
       9.01193909e+02, 6.51621399e+02, 8.55349976e+02, 6.52953247e+02,
       8.08123169e+02, 6.54065002e+02, 7.60021912e+02, 6.55421997e+02,
       7.10511719e+02, 6.56685486e+02, 6.59578186e+02, 6.57718750e+02,
       6.07700684e+02, 6.58961853e+02, 5.55117004e+02, 6.59985901e+02,
       4.99656036e+02, 6.61106262e+02, 4.43799927e+02, 6.61932007e+02,
       8.99344299e+02, 6.05602783e+02, 8.53914856e+02, 6.06048767e+02,
       8.06620300e+02, 6.06387939e+02, 7.59307678e+02, 6.06983521e+02,
       7.10241638e+02, 6.07731018e+02, 6.59729187e+02, 6.08069946e+02,
       6.08402649e+02, 6.08552307e+02, 5.55613159e+02, 6.08697083e+02,
       5.01712158e+02, 6.09642761e+02, 4.46353333e+02, 6.09889099e+02,
       8.97294189e+02, 5.59694275e+02, 8.52312317e+02, 5.59588501e+02,
       8.05838928e+02, 5.59444946e+02, 7.58700134e+02, 5.59416870e+02,
       7.10039001e+02, 5.59380798e+02, 6.60099182e+02, 5.59364746e+02,
       6.09308533e+02, 5.59184204e+02, 5.57107117e+02, 5.58921814e+02,
       5.03516785e+02, 5.58658997e+02, 4.48947327e+02, 5.58534912e+02 ]
   - [ 1.22586829e+03, 9.46332703e+02, 1.17690967e+03, 9.48006836e+02,
       1.12765002e+03, 9.49193726e+02, 1.07850757e+03, 9.50610413e+02,
       1.02875110e+03, 9.51789246e+02, 9.78635132e+02, 9.52803040e+02,
       9.28606628e+02, 9.53462646e+02, 8.78403687e+02, 9.54326904e+02,
       8.28036133e+02, 9.54611389e+02, 7.77964600e+02, 9.54759644e+02,
       1.22183276e+03, 8.94152710e+02, 1.17371545e+03, 8.95660034e+02,
       1.12514246e+03, 8.97050171e+02, 1.07642151e+03, 8.98022217e+02,
       1.02729236e+03, 8.99367371e+02, 9.77717712e+02, 8.99989929e+02,
       9.28345276e+02, 9.01006348e+02, 8.78737854e+02, 9.01473022e+02,
       8.29079834e+02, 9.01695862e+02, 7.79538147e+02, 9.01818298e+02,
       1.21799524e+03, 8.43679138e+02, 1.17036011e+03, 8.44773315e+02,
       1.12250269e+03, 8.46169800e+02, 1.07438464e+03, 8.47129761e+02,
       1.02582349e+03, 8.48101074e+02, 9.76926514e+02, 8.48663635e+02,
       9.28156372e+02, 8.49589661e+02, 8.79098511e+02, 8.49929138e+02,
       8.29965332e+02, 8.50290955e+02, 7.81085266e+02, 8.50409668e+02,
       1.21421106e+03, 7.94416199e+02, 1.16714197e+03, 7.95235901e+02,
       1.11987744e+03, 7.96572937e+02, 1.07231750e+03, 7.97327881e+02,
       1.02439673e+03, 7.98377014e+02, 9.76047607e+02, 7.98813293e+02,
       9.27959229e+02, 7.99388245e+02, 8.79466919e+02, 7.99597595e+02,
       8.30940979e+02, 8.00266235e+02, 7.82665710e+02, 8.00337463e+02,
       1.21045654e+03, 7.46018311e+02, 1.16407666e+03, 7.47178467e+02,
       1.11729590e+03, 7.47974487e+02, 1.07027039e+03, 7.48563049e+02,
       1.02279071e+03, 7.49313049e+02, 9.75205261e+02, 7.50044189e+02,
       9.27555420e+02, 7.50234558e+02, 8.80394592e+02, 7.50945190e+02,
       8.31871643e+02, 7.51169067e+02, 7.84241638e+02, 7.51303528e+02,
       1.20669849e+03, 6.98698853e+02, 1.16078503e+03, 6.99694946e+02,
       1.11435571e+03, 7.00098450e+02, 1.06824890e+03, 7.00889526e+02,
       1.02144476e+03, 7.01639526e+02, 9.74382751e+02, 7.02199036e+02,
       9.27354309e+02, 7.02508301e+02, 8.80086609e+02, 7.02784607e+02,
       8.33200378e+02, 7.03023804e+02, 7.85822937e+02, 7.03006348e+02,
       1.20283875e+03, 6.52667114e+02, 1.15775891e+03, 6.53076660e+02,
       1.11203296e+03, 6.53653015e+02, 1.06630859e+03, 6.54151001e+02,
       1.02007166e+03, 6.54902344e+02, 9.73464905e+02, 6.55222961e+02,
       9.27107727e+02, 6.55566223e+02, 8.80551514e+02, 6.55734192e+02,
