%YAML:1.0
cameraMatrix: !!opencv-matrix
   rows: 3
   cols: 3
   dt: d
   data: [ 9.3134514048601181e+02, 0., 9.5249764927341892e+02, 0.,
       9.3427583621323083e+02, 5.3261312635949878e+02, 0., 0., 1. ]
imageSize_width: 1920
imageSize_height: 1080
sensorSize_width: 0
sensorSize_height: 0
distCoeffs: !!opencv-matrix
   rows: 5
   cols: 1
   dt: d
   data: [ -9.7196002716173430e-02, 6.9500878655883114e-02,
       -1.2162199809839863e-03, -5.4318960215194161e-04,
       -2.2415380305549772e-02 ]
reprojectionError: 1.4914220571517944e-01
features:
   - [ 1.70306433e+03, 5.61014343e+02, 1.64159338e+03, 5.52464417e+02,
       1.58203333e+03, 5.43915344e+02, 1.52413281e+03, 5.35640198e+02,
       1.46751855e+03, 5.27609314e+02, 1.41194409e+03, 5.19697388e+02,
       1.35802478e+03, 5.12132690e+02, 1.30504736e+03, 5.04587402e+02,
       1.25326318e+03, 4.97235413e+02, 1.20275854e+03, 4.89998871e+02,
       1.70934387e+03, 5.06510376e+02, 1.64808716e+03, 4.98615753e+02,
       1.58856885e+03, 4.90873383e+02, 1.53093384e+03, 4.83336090e+02,
       1.47443518e+03, 4.76027130e+02, 1.41908130e+03, 4.68748047e+02,
       1.36529712e+03, 4.61659729e+02, 1.31247864e+03, 4.54824005e+02,
       1.26096509e+03, 4.48086884e+02, 1.21055505e+03, 4.41600983e+02,
       1.71531799e+03, 4.52792389e+02, 1.65418091e+03, 4.45697876e+02,
       1.59490344e+03, 4.38602417e+02, 1.53739929e+03, 4.31789673e+02,
       1.48109717e+03, 4.25099609e+02, 1.42591626e+03, 4.18423584e+02,
       1.37228174e+03, 4.11912537e+02, 1.31960596e+03, 4.05698730e+02,
       1.26822021e+03, 3.99673462e+02, 1.21803284e+03, 3.93807556e+02,
       1.72098547e+03, 3.99652710e+02, 1.66013293e+03, 3.93347290e+02,
       1.60089502e+03, 3.87016571e+02, 1.54359119e+03, 3.80725555e+02,
       1.48737476e+03, 3.74615631e+02, 1.43252344e+03, 3.68738190e+02,
       1.37908936e+03, 3.63075226e+02, 1.32659680e+03, 3.57581116e+02,
       1.27532690e+03, 3.52093536e+02, 1.22539990e+03, 3.46778809e+02,
       1.72650684e+03, 3.47312012e+02, 1.66580322e+03, 3.41547241e+02,
       1.60671472e+03, 3.35963074e+02, 1.54947913e+03, 3.30476135e+02,
       1.49355371e+03, 3.25059509e+02, 1.43872705e+03, 3.19791443e+02,
       1.38551843e+03, 3.14768372e+02, 1.33368945e+03, 3.10097168e+02,
       1.28219299e+03, 3.04769958e+02, 1.23241882e+03, 3.00472321e+02,
       1.73200208e+03, 2.95329803e+02, 1.67144458e+03, 2.90454834e+02,
       1.61207190e+03, 2.85556152e+02, 1.55540503e+03, 2.80707123e+02,
       1.49943604e+03, 2.76036499e+02, 1.44489441e+03, 2.71586426e+02,
       1.39178052e+03, 2.67086884e+02, 1.33981946e+03, 2.62693054e+02,
       1.28886658e+03, 2.58543182e+02, 1.23941467e+03, 2.54472092e+02,
       1.73722131e+03, 2.43970352e+02, 1.67667053e+03, 2.39575943e+02,
       1.61789270e+03, 2.35631180e+02, 1.56100024e+03, 2.31464676e+02,
       1.50526746e+03, 2.27461319e+02, 1.45072571e+03, 2.23530884e+02,
       1.39794568e+03, 2.19780487e+02, 1.34605432e+03, 2.16299118e+02,
       1.29538440e+03, 2.12592117e+02, 1.24599292e+03, 2.09319595e+02 ]
   - [ 9.43497559e+02, 7.12580872e+02, 8.99254883e+02, 7.13515320e+02,
       8.53679321e+02, 7.14494202e+02, 8.07252136e+02, 7.15361145e+02,
       7.59537231e+02, 7.16415588e+02, 7.10541687e+02, 7.17034180e+02,
       6.60529602e+02, 7.17436646e+02, 6.09215637e+02, 7.18497314e+02,
       5.56793701e+02, 7.18751648e+02, 5.03277374e+02, 7.19403137e+02,
       9.41069519e+02, 6.67380127e+02, 8.97336548e+02, 6.67968079e+02,
       8.52358765e+02, 6.68159973e+02, 8.06592590e+02, 6.68180969e+02,
       7.59481262e+02, 6.68344116e+02, 7.11118103e+02, 6.68527466e+02,
       6.61906555e+02, 6.68528992e+02, 6.11378235e+02, 6.68540283e+02,
       5.59808289e+02, 6.68433899e+02, 5.07226990e+02, 6.68327026e+02,
       9.38677551e+02, 6.23430847e+02, 8.95438904e+02, 6.23140564e+02,
       8.51161072e+02, 6.22959534e+02, 8.05988037e+02, 6.22575928e+02,
       7.59516663e+02, 6.22179932e+02, 7.11860657e+02, 6.21784058e+02,
       6.63462036e+02, 6.20989014e+02, 6.13649536e+02, 6.20596802e+02,
       5.62815796e+02, 6.20051270e+02, 5.11178436e+02, 6.19062805e+02,
       9.36397095e+02, 5.80765808e+02, 8.93718567e+02, 5.79778076e+02,
       8.50074280e+02, 5.79063538e+02, 8.05356628e+02, 5.77845703e+02,
       7.59613403e+02, 5.76998596e+02, 7.12732178e+02, 5.75823914e+02,
       6.64948547e+02, 5.74999390e+02, 6.15968201e+02, 5.73682251e+02,
       5.65824219e+02, 5.72911255e+02, 5.15030396e+02, 5.71618408e+02,
       9.34274414e+02, 5.38859985e+02, 8.92142761e+02, 5.37830688e+02,
       8.48901123e+02, 5.36269714e+02, 8.04895081e+02, 5.34821472e+02,
       7.59807678e+02, 5.33416077e+02, 7.13537903e+02, 5.31811951e+02,
       6.66568054e+02, 5.30263611e+02, 6.18670227e+02, 5.28761841e+02,
       5.69049683e+02, 5.26777222e+02, 5.18851501e+02, 5.25522034e+02,
       9.32154602e+02, 4.98168915e+02, 8.90628662e+02, 4.96593536e+02,
       8.47704224e+02, 4.94608704e+02, 8.04625000e+02, 4.92790924e+02,
       7.60015381e+02, 4.90779572e+02, 7.14599915e+02, 4.88768433e+02,
       6.68148010e+02, 4.86734528e+02, 6.20645752e+02, 4.84650787e+02,
       5.72273193e+02, 4.82617889e+02, 5.22911621e+02, 4.80549255e+02,
       9.30101685e+02, 4.58748169e+02, 8.89044434e+02, 4.56493317e+02,
       8.47088745e+02, 4.54171326e+02, 8.04269592e+02, 4.51764648e+02,
       7.60406921e+02, 4.49377625e+02, 7.15487305e+02, 4.46734222e+02,
       6.69833862e+02, 4.44392151e+02, 6.23167786e+02, 4.41914764e+02,
       5.75402039e+02, 4.39480408e+02, 5.26877502e+02, 4.36636292e+02 ]
   - [ 1.41093726e+03, 7.60067383e+02, 1.36117542e+03, 7.56400818e+02,
       1.31177063e+03, 7.52712830e+02, 1.26268994e+03, 7.48974915e+02,
       1.21371191e+03, 7.45338257e+02, 1.16491931e+03, 7.41481506e+02,
       1.11671094e+03, 7.37470764e+02, 1.06845251e+03, 7.33379761e+02,
       1.02073834e+03, 7.29299744e+02, 9.73541138e+02, 7.25226501e+02,
       1.40885571e+03, 7.10843628e+02, 1.35993787e+03, 7.07429138e+02,
       1.31129126e+03, 7.03997070e+02, 1.26296179e+03, 7.00454285e+02,
       1.21470740e+03, 6.96700500e+02, 1.16658923e+03, 6.93222839e+02,
       1.11900549e+03, 6.89528198e+02, 1.07156873e+03, 6.85976746e+02,
       1.02442920e+03, 6.82013184e+02, 9.77981628e+02, 6.78160339e+02,
       1.40670178e+03, 6.63420898e+02, 1.35860339e+03, 6.59870911e+02,
       1.31068311e+03, 6.56637329e+02, 1.26309607e+03, 6.53267517e+02,
       1.21557446e+03, 6.49803162e+02, 1.16818286e+03, 6.46506348e+02,
       1.12121924e+03, 6.43043213e+02, 1.07440417e+03, 6.39503723e+02,
       1.02805103e+03, 6.36144836e+02, 9.82128601e+02, 6.32716736e+02,
       1.40449072e+03, 6.16964172e+02, 1.35711365e+03, 6.13890137e+02,
       1.30989685e+03, 6.10706726e+02, 1.26308911e+03, 6.07578247e+02,
       1.21626233e+03, 6.04359070e+02, 1.16952551e+03, 6.01199097e+02,
       1.12326599e+03, 5.98032898e+02, 1.07719849e+03, 5.94738159e+02,
       1.03141235e+03, 5.91666565e+02, 9.86217285e+02, 5.88260742e+02,
       1.40233313e+03, 5.72145569e+02, 1.35565356e+03, 5.69222107e+02,
       1.30910388e+03, 5.66264160e+02, 1.26283215e+03, 5.63245483e+02,
       1.21680725e+03, 5.60221436e+02, 1.17071252e+03, 5.57193054e+02,
       1.12522046e+03, 5.54189819e+02, 1.08016211e+03, 5.51387207e+02,
       1.03469458e+03, 5.48269043e+02, 9.90123230e+02, 5.45189697e+02,
       1.40003699e+03, 5.28526123e+02, 1.35414929e+03, 5.25857056e+02,
       1.30782593e+03, 5.22636169e+02, 1.26266638e+03, 5.20114197e+02,
       1.21722083e+03, 5.17428406e+02, 1.17199072e+03, 5.14420593e+02,
       1.12702283e+03, 5.11662201e+02, 1.08226233e+03, 5.08938690e+02,
       1.03784875e+03, 5.06064789e+02, 9.93903687e+02, 5.03368774e+02,
       1.39765381e+03, 4.86277191e+02, 1.35232068e+03, 4.83482910e+02,
       1.30720508e+03, 4.80844299e+02, 1.26240088e+03, 4.78201782e+02,
       1.21759644e+03, 4.75458862e+02, 1.17284180e+03, 4.72827118e+02,
       1.12872998e+03, 4.70268616e+02, 1.08456616e+03, 4.67688416e+02,
