%YAML:1.0
cameraMatrix: !!opencv-matrix
   rows: 3
   cols: 3
   dt: d
   data: [ 9.2350080623125484e+02, 0., 9.7174383858055671e+02, 0.,
       9.2106079390355774e+02, 5.4550089886187686e+02, 0., 0., 1. ]
imageSize_width: 1920
imageSize_height: 1080
sensorSize_width: 0
sensorSize_height: 0
distCoeffs: !!opencv-matrix
   rows: 5
   cols: 1
   dt: d
   data: [ 6.1559173095685642e-02, -7.1187521437806911e-01,
       -3.4196584877287284e-03, -1.3075064832103521e-04,
       1.0967350027176650e+00 ]
reprojectionError: 0.
features:
   []
