%YAML:1.0
Mat: !!opencv-matrix
   rows: 3
   cols: 1
   dt: d
   data: [ -5.6613304123000171e-03, -3.6837854749717867e-02,
       -1.9513010463427304e-02 ]
