%YAML:1.0
Mat: !!opencv-matrix
   rows: 3
   cols: 1
   dt: d
   data: [ -2.6690541942371686e+00, 5.6228586022744764e+01,
       -5.6088668294844922e+01 ]
