%YAML:1.0
cameraMatrix: !!opencv-matrix
   rows: 3
   cols: 3
   dt: d
   data: [ 5.7581574891036473e+02, 0., 3.2000000081398332e+02, 0.,
       5.7581574887529905e+02, 2.4000000171375353e+02, 0., 0., 1. ]
imageSize_width: 640
imageSize_height: 480
sensorSize_width: 0
sensorSize_height: 0
distCoeffs: !!opencv-matrix
   rows: 5
   cols: 1
   dt: d
   data: [ 1.4811913913088106e-08, -9.3988025265128134e-08,
       1.1478654445667431e-11, 5.1099483229846621e-10,
       1.4613530009868419e-07 ]
reprojectionError: 0.
features:
   []
