%YAML:1.0
cameraMatrix: !!opencv-matrix
   rows: 3
   cols: 3
   dt: d
   data: [ 5.7034220431518190e+02, 0., 3.1999999910839983e+02, 0.,
       5.7034220475936047e+02, 2.4000000334181951e+02, 0., 0., 1. ]
imageSize_width: 640
imageSize_height: 480
sensorSize_width: 0
sensorSize_height: 0
distCoeffs: !!opencv-matrix
   rows: 5
   cols: 1
   dt: d
   data: [ -6.2255359228030880e-10, 1.0040294712360334e-08,
       3.0543784918195339e-09, -7.7978448599637864e-10,
       -3.4817785858673760e-09 ]
reprojectionError: 0.
features:
   []
