%YAML:1.0
cameraMatrix: !!opencv-matrix
   rows: 3
   cols: 3
   dt: d
   data: [ 5.7034220468380443e+02, 0., 3.1999999970466416e+02, 0.,
       5.7034220475376355e+02, 2.4000000007029570e+02, 0., 0., 1. ]
imageSize_width: 640
imageSize_height: 480
sensorSize_width: 0
sensorSize_height: 0
distCoeffs: !!opencv-matrix
   rows: 5
   cols: 1
   dt: d
   data: [ -3.7706975208076628e-09, 3.8565513609005641e-08,
       8.7830369377470157e-10, 5.7841944049491433e-11,
       -5.4019690716825703e-08 ]
reprojectionError: 0.
features:
   []
